1.000000000000000000e+00
2.263886727866811777e-01
7.398475182822467078e-02
2.435039676365333694e-01
2.084954099891084545e-01
3.423058969970436960e-02
2.233545977905710411e-01
6.114828069083553252e-01
9.156682744670920082e-02
1.587054613349930116e-02
1.944919869301384814e-03
6.457133966080597781e-03
2.654426637622530061e-01
3.524194803174109103e-02
3.670452777345573625e-01
6.917690991131165701e-01
2.235879881748872033e-01
1.587054613349930116e-02
1.571495254395519070e-02
1.563715574918313200e-02
2.419480317410922787e-02
2.333903843161661711e-04
2.699548778590321954e-02
1.415901664851408094e-02
2.806130387428037998e-01
1.485918780146257973e-02
6.534930760852653009e-03
1.190290960012447413e-02
5.896997043721798892e-01
1.361443908510969435e-02
6.423681344328613374e-01
2.945386650070017098e-01
7.803018515637155650e-02
1.400342305896997049e-02
1.291426793216119556e-02
2.598412945386650158e-02
1.641512369690368775e-02
7.779679477205539038e-04
2.505056791660183538e-02
4.792282557958612438e-02
2.333903843161661603e-03
7.001711529484985676e-04
7.779679477205539038e-05
7.779679477205539038e-04
8.090866656293761033e-03
7.001711529484985676e-04
1.773766920802863009e-02
3.928738135988796981e-02
2.526839894196359348e-01
1.291426793216119556e-02
2.551734868523416674e-02
2.738447175976349915e-02
2.909600124474871763e-02
4.667807686323323423e-04
3.687568072195425428e-02
2.878481406566049325e-02
4.184689590788859270e-01
1.283647113738914033e-02
2.022716664073440085e-02
1.727088843939629526e-02
6.766765209273377657e-01
6.923914734712930015e-03
5.449665473782480118e-01
2.458378714796950471e-01
2.103625330636377799e-01
2.637311342772677772e-02
1.493698459623463495e-02
2.839583009180021711e-02
1.478139100669052450e-02
2.333903843161661711e-04
1.602613972304341161e-02
1.361443908510969435e-02
1.719309164462424003e-02
5.445775634043877869e-04
3.111871790882215615e-04
7.779679477205539038e-04
1.244748716352886246e-02
7.779679477205539038e-05
1.011358332036720042e-02
5.834759607904154224e-03
3.080753072973393611e-02
7.001711529484985676e-04
9.335615372646646846e-04
2.333903843161661711e-04
9.335615372646646846e-04
0.000000000000000000e+00
4.667807686323323423e-04
2.333903843161661711e-04
3.710907110627042343e-02
3.111871790882215615e-04
3.111871790882215615e-04
2.333903843161661711e-04
1.447020382760230359e-02
0.000000000000000000e+00
5.056791660183600212e-03
1.789326279757273925e-03
2.355686945697837154e-01
2.707328458067527477e-02
2.613972304341061204e-02
3.812042943830714486e-02
1.408121985374202571e-02
3.889839738602769519e-04
2.956278201338104900e-02
3.228566983040298544e-02
6.690524350396763464e-03
7.779679477205539038e-04
2.333903843161661711e-04
3.111871790882215615e-04
1.104714485763186489e-02
7.779679477205539038e-05
1.867123074529329282e-02
1.587054613349930116e-02
6.477361132721332071e-01
1.299206472693325079e-02
5.181266531818889270e-02
3.034074996110160127e-02
1.501478139100669018e-02
0.000000000000000000e+00
3.127431149836626401e-02
1.773766920802863009e-02
7.580519682589077490e-01
6.612727555624708237e-03
4.022094289715263948e-02
1.540376536486696805e-02
3.346040143146102319e-01
1.867123074529329369e-03
2.734557336237746772e-01
7.569628131320989273e-02
9.615683833826046967e-02
2.890928893729578508e-01
1.944919869301384814e-03
4.033763808931071781e-01
1.657071728644779821e-02
3.430838649447642830e-02
8.168663451065816261e-03
7.582853586432238835e-01
1.952699548778590380e-02
3.205227944608682322e-02
1.555935895441107808e-04
1.859343395052123760e-02
2.855142368134432757e-02
4.621129609460090243e-02
1.765987241325657486e-02
5.522794460868212241e-01
1.664851408121985343e-02
1.377003267465380480e-02
3.111871790882215615e-04
1.042477049945542307e-02
7.779679477205539038e-05
3.111871790882215615e-04
7.001711529484985676e-04
6.846117939940874787e-03
3.018515637155749082e-02
2.660650381204294340e-02
6.223743581764431231e-04
1.765987241325657486e-02
4.364400186712307644e-02
2.396141278979306219e-02
2.987396919246926991e-02
2.056169285825424076e-01
2.722887817021938609e-03
7.390695503345262249e-03
1.555935895441107808e-04
2.069394740936673568e-02
3.111871790882215615e-04
6.223743581764431231e-04
6.223743581764431231e-04
4.271044032985840677e-02
1.555935895441107808e-04
4.667807686323323423e-04
0.000000000000000000e+00
8.557647424926093484e-04
7.001711529484985676e-04
8.557647424926093484e-04
6.223743581764431231e-04
3.555313521082931194e-02
5.756962813132098997e-03
1.166951921580830845e-02
7.001711529484985676e-04
1.812665318188890623e-02
9.335615372646646846e-04
2.333903843161661711e-04
7.001711529484985676e-04
1.688190446553601912e-02
1.836004356620507191e-02
1.563715574918313200e-02
6.223743581764431231e-04
2.310564804730045121e-02
3.337482495721176556e-02
1.462579741714641404e-02
2.668430060681499863e-02
1.989264042321456372e-01
2.846584720709506855e-01
6.207406254862299910e-01
9.102224988330480729e-03
7.018048856387116841e-01
1.571495254395519070e-02
1.174731601058036368e-02
1.283647113738914033e-02
3.327368912400809342e-01
3.026295316632954605e-02
4.341061148280690729e-02
7.779679477205539038e-04
3.244126341994709589e-02
2.536175509569005629e-02
2.613972304341061204e-02
1.851563715574918237e-02
2.181422125408433166e-01
3.749805508013069610e-02
1.322545511124941647e-02
6.223743581764431231e-04
6.457133966080597781e-03
2.333903843161661711e-04
7.779679477205539038e-05
1.555935895441107808e-04
2.722887817021938609e-03
4.551112494165240191e-02
2.800684611793994097e-02
1.400342305896997135e-03
1.478139100669052450e-02
2.575073906955033590e-02
1.174731601058036368e-02
1.664851408121985343e-02
5.702505056791660337e-02
3.800373424614905682e-01
6.558269799284269785e-01
2.077174420413879091e-02
5.669830402987396933e-01
1.182511280535241890e-02
6.923914734712930015e-03
1.688190446553601912e-02
2.547845028784814225e-01
1.867123074529329282e-02
3.430838649447642830e-02
1.011358332036720129e-03
2.769565893885172006e-02
2.007157305119029039e-02
1.509257818577874541e-02
1.960479228255795903e-02
2.051501478139100554e-01
7.184533997199314959e-01
3.070639489653026466e-01
4.029873969192469124e-02
2.561848451843783958e-01
5.756962813132098997e-03
1.633732690213163252e-03
1.587054613349930116e-02
7.569628131320989273e-02
5.856542710440330035e-01
2.231212074062548512e-01
3.679788392718220252e-02
1.999377625641823586e-01
2.347129298272911113e-01
6.426015248171774996e-02
2.124630465224832676e-01
5.980239614127897951e-01
